1.060231437113541e-02	2.823717134413201e-03	1.955610597969868e-04	2.065966133944595e-02
1.117681137764976e-02	2.634701551896432e-03	1.619884756155843e-04	2.177912574878517e-02
1.178243807895909e-02	1.915583284198861e-03	1.183719757290190e-04	2.295924945660884e-02
1.242088126870556e-02	1.721469683808280e-03	9.826739390999517e-05	2.420331934766465e-02
1.309391914113164e-02	1.770880649595651e-03	8.714454276040161e-05	2.551480040983720e-02
1.380342624371300e-02	1.496185730717901e-03	7.110498810648594e-05	2.689734538484464e-02
1.455137869815483e-02	1.472393476149378e-03	6.261982373881792e-05	2.835480494186783e-02
1.533985970429305e-02	1.241990273912358e-03	5.160525919330396e-05	2.989123840244788e-02
1.617106534222987e-02	1.279600912609682e-03	4.709103876177226e-05	3.151092504652293e-02
1.704731068886394e-02	1.064049721445122e-03	3.909079436795724e-05	3.321837603109382e-02
1.797103626585072e-02	9.653157346354192e-04	3.476455918611010e-05	3.501834695471467e-02
1.894481483695211e-02	8.470969928276749e-04	2.953941167675111e-05	3.691585110280284e-02
1.997135857370719e-02	7.863020307500596e-04	2.620747602130846e-05	3.891617341065930e-02
2.105352660938210e-02	6.772661624264564e-04	2.198832550113691e-05	4.102488518308930e-02
2.219433300223807e-02	6.163770276130622e-04	1.949411446851216e-05	4.324785961162017e-02
2.339695513029735e-02	5.370327403272359e-04	1.676484227553536e-05	4.559128813253542e-02
2.466474254098764e-02	4.830689104424960e-04	1.436191485324568e-05	4.806169767128499e-02
2.600122628031359e-02	4.466749848250447e-04	1.263545272889160e-05	5.066596882130123e-02
2.741012872753866e-02	4.131966326951586e-04	1.123779227124392e-05	5.341135500785226e-02
2.889537396276907e-02	3.634120555113895e-04	9.593545791826538e-06	5.630550269030774e-02
3.046109869631568e-02	3.182456120382246e-04	8.310029429777370e-06	5.935647265908475e-02
3.211166379027423e-02	2.935493167634723e-04	6.671672205723581e-06	6.257276248658991e-02
3.385166640441404e-02	2.588634325487533e-04	5.754358998023603e-06	6.596333019468828e-02
3.568595280020362e-02	2.312828344610460e-04	5.029264599103066e-06	6.953761920461766e-02
3.761963183863545e-02	2.103952866079095e-04	4.519317391440633e-06	7.330558463883907e-02
3.965808920944375e-02	1.811764258561388e-04	3.954719568698407e-06	7.727772104807920e-02
4.180700243134668e-02	1.673613394284832e-04	3.642539614631475e-06	8.146509164079044e-02
4.407235666509163e-02	1.474688334060379e-04	3.268426031872684e-06	8.587935909643830e-02
4.646046138334628e-02	1.311464447525782e-04	2.892752663395651e-06	9.053281804843791e-02
4.897796794386428e-02	1.193251759487648e-04	2.613051769767386e-06	9.543842932721056e-02
5.163188811487050e-02	1.082976637114591e-04	2.388904398467930e-06	1.006098560587348e-01
5.442961360426288e-02	9.604849972623256e-05	2.129963414334885e-06	1.060615017191334e-01
5.737893664702347e-02	8.916952813400171e-05	1.950002231966126e-06	1.118085502512864e-01
6.048807170817908e-02	8.006452306977812e-05	1.766827582634107e-06	1.178670083552025e-01
6.376567836175848e-02	6.939575685408186e-05	1.562815380383000e-06	1.242537500699376e-01
6.722088540946872e-02	6.239942258641954e-05	1.420049711409187e-06	1.309865637712272e-01
7.086331630626619e-02	5.688181828135604e-05	1.305037147304357e-06	1.380842017157349e-01
7.470311596363752e-02	5.232792342129515e-05	1.377559202982394e-06	1.455664322699037e-01
7.875097900524319e-02	4.866190555385751e-05	1.228305799538043e-06	1.534540949688807e-01
8.301817955362129e-02	4.148270813737156e-05	1.039791426289488e-06	1.617691585588645e-01
8.751660263091382e-02	3.794040201170761e-05	9.182591622585115e-07	1.705347821845351e-01
9.225877726107251e-02	3.525604348326837e-05	8.285078476557608e-07	1.797753798919863e-01
9.725791136574100e-02	3.253005940103232e-05	7.445573900382584e-07	1.895166886268135e-01
1.025279285510050e-01	2.946964662645085e-05	6.661047079068218e-07	1.997858399167461e-01
1.080835068874698e-01	2.652872961001320e-05	6.022753651370900e-07	2.106114354384748e-01
1.139401197916742e-01	2.463610378548609e-05	5.594510441728339e-07	2.220236266791440e-01
1.201140791227059e-01	2.233609939604721e-05	5.181919828214682e-07	2.340541989143801e-01
1.266225806140488e-01	2.127277425655385e-05	4.982136779869524e-07	2.467366597367547e-01
1.334837517672017e-01	1.886771846463429e-05	4.483225728170535e-07	2.601063323812505e-01
1.407167023404593e-01	1.682227839487431e-05	4.038008079574796e-07	2.742004541076610e-01
1.483415775734794e-01	1.630999847655530e-05	3.877333800371371e-07	2.890582799139387e-01
1.563796142958760e-01	1.552784951472804e-05	3.679301522275485e-07	3.047211918693554e-01
1.648532000761123e-01	1.383924790532541e-05	3.368174310607968e-07	3.212328143719883e-01
1.737859355754365e-01	1.331844696419054e-05	3.272445902420992e-07	3.386391356515489e-01
1.832027002805271e-01	1.327338686474643e-05	3.267356085951339e-07	3.569886358559637e-01
1.931297217979278e-01	1.239554082641863e-05	3.149636758387389e-07	3.763324220784549e-01
2.035946489032703e-01	1.203660564404484e-05	3.218603335561092e-07	3.967243707011981e-01
2.146266285487429e-01	1.116223169495669e-05	3.313631760358256e-07	4.182212774520132e-01
2.262563870432851e-01	1.097455207975345e-05	3.589353535186808e-07	4.408830155920280e-01
2.385163156316125e-01	1.087686326134541e-05	3.915574931035371e-07	4.647727026748976e-01
2.514405607104271e-01	9.782801400872017e-06	3.998323639691220e-07	4.899568763420397e-01
2.650651189330823e-01	9.487971314197189e-06	4.267441276904520e-07	5.165056796435094e-01
2.794279374675903e-01	9.796061695861143e-06	4.681238315514029e-07	5.444930564006726e-01
2.945690196872091e-01	9.404839967988822e-06	4.862146324632454e-07	5.739969571547994e-01
3.105305365879802e-01	8.265596783786091e-06	4.823354450507888e-07	6.050995562751894e-01
3.271920324847719e-01	8.016547950006884e-06	5.101882241562468e-07	6.375661339097310e-01
