1.201635135122005e-02	1.024904170784150e+00	6.321257032166312e-03	2.341484723315957e-02
1.266769767621293e-02	1.015207954378759e+00	5.488922200747791e-03	2.468404902743298e-02
1.335435022875205e-02	1.019230353408306e+00	4.840102648450673e-03	2.602204790496498e-02
1.407822278290156e-02	1.024115929097536e+00	4.307043630379910e-03	2.743257301165361e-02
1.484133284884873e-02	1.018430344715646e+00	3.823040755926675e-03	2.891955563175029e-02
1.564580729592058e-02	1.018402560123592e+00	3.433883790586219e-03	3.048714014476931e-02
1.649388828039595e-02	1.005294301402870e+00	3.080329185082031e-03	3.213969557631654e-02
1.738793949463482e-02	7.865613776113989e-01	5.754252442355912e-03	3.388182777503078e-02
1.833045275494150e-02	3.521519842612003e-01	4.958721539705549e-03	3.571839224957631e-02
1.932405494652310e-02	1.772759619524500e-01	2.299498368681600e-03	3.765450770146461e-02
2.037151534489939e-02	1.093574739237477e-01	1.364730538500322e-03	3.969557029142250e-02
2.147575333416966e-02	7.210745044205072e-02	8.644434519521301e-04	4.184726867906905e-02
2.263984654364833e-02	5.259442834816597e-02	6.186861916532774e-04	4.411559987781799e-02
2.386703942554678e-02	3.781305493245531e-02	4.405050656843453e-04	4.650688596919512e-02
2.516075229760855e-02	2.696805682513894e-02	3.059043949157605e-04	4.902779172315534e-02
2.652459087590042e-02	2.048766088609457e-02	2.332380741303930e-04	5.168534317350897e-02
2.796235632432860e-02	1.577171695391299e-02	1.806552248685953e-04	5.448694720022902e-02
2.947805584888883e-02	1.178565403416270e-02	1.356735339320610e-04	5.744041217321744e-02
3.107591386617785e-02	9.119360878199532e-03	1.076476067835390e-04	6.055396971506669e-02
3.276038377729402e-02	6.994069812202898e-03	8.467039258847891e-05	6.383629764347189e-02
3.453616037994224e-02	5.546198673238800e-03	5.760332556342910e-05	6.729654415723627e-02
3.640819295333701e-02	4.272508144898136e-03	4.581249512032798e-05	7.094435333327927e-02
3.838169905237265e-02	3.385690833159245e-03	3.751982809789363e-05	7.478989200570967e-02
4.046217904950651e-02	2.645118659908548e-03	3.072773178115173e-05	7.884387810187918e-02
4.265543146488501e-02	2.103073251372145e-03	2.561224440835772e-05	8.311761051439154e-02
4.496756912743910e-02	1.637859479797908e-03	2.093993980393048e-05	8.762300059232411e-02
4.740503621199194e-02	1.284731913917979e-03	1.711869043534315e-05	9.237260533943106e-02
4.997462619986297e-02	1.031433360292344e-03	1.477160034807380e-05	9.737966241185493e-02
5.268350081302654e-02	8.394271410770184e-04	1.328442304787007e-05	1.026581270128895e-01
5.553920997459665e-02	6.537482554753373e-04	1.073929735955469e-05	1.082227107876232e-01
5.854971285126966e-02	5.143451864055076e-04	8.730412378416750e-06	1.140889228258663e-01
6.172340003637272e-02	4.287064072935258e-04	7.483313557705644e-06	1.202731128876424e-01
6.506911693534431e-02	3.422298869380042e-04	6.153807946235333e-06	1.267925169717171e-01
6.859618841882464e-02	2.617106953671044e-04	4.947151800344663e-06	1.336653053541690e-01
7.231444481206704e-02	2.084765843430783e-04	4.118948784918350e-06	1.409106332308917e-01
7.623424929310514e-02	1.652675522645086e-04	3.594876533570331e-06	1.485486941051722e-01
8.036652677603791e-02	1.312323748220945e-04	2.873435864765865e-06	1.566007760691431e-01
8.472279435993305e-02	1.064541332326191e-04	2.368266135270289e-06	1.650893211359710e-01
8.931519342821322e-02	8.647226601076814e-05	1.947199143683421e-06	1.740379877881463e-01
9.415652348798952e-02	7.403964579682746e-05	1.658311469731924e-06	1.834717169162028e-01
9.926027784365599e-02	5.858940703264663e-05	1.360535903104559e-06	1.934168013316455e-01
1.046406812041714e-01	4.747925337486035e-05	1.143486943937815e-06	2.039009590478274e-01
1.103127293288435e-01	3.922352206651459e-05	9.935701530406967e-07	2.149534105330149e-01
1.162922308221134e-01	3.180930703899587e-05	8.638293356494103e-07	2.266049601509569e-01
1.225958511938261e-01	2.711741708221593e-05	7.819764209218493e-07	2.388880820159396e-01
1.292411593077875e-01	2.107634151373387e-05	6.671673695599184e-07	2.518370105016136e-01
1.362466763480661e-01	1.773706745445673e-05	5.859086615713376e-07	2.654878356558535e-01
1.436319274395130e-01	1.518866746585703e-05	5.205356741728295e-07	2.798786037875791e-01
1.514174960663718e-01	1.303999305468484e-05	4.657920138905038e-07	2.950494235058848e-01
1.596250814406495e-01	1.066905230579247e-05	4.096363886166107e-07	3.110425775070213e-01
1.682775589801399e-01	9.806326531391592e-06	3.856544350892443e-07	3.279026404207893e-01
1.773990440646583e-01	8.902431639969703e-06	3.675302696846573e-07	3.456766030447982e-01
1.870149592481831e-01	8.505271146183465e-06	3.580473551413032e-07	3.644140033128415e-01
1.971521051142309e-01	7.969514802232747e-06	3.537077312430939e-07	3.841670643624140e-01
2.078387349719478e-01	7.537480907903854e-06	3.685663028699873e-07	4.049908400861787e-01
2.191046336011022e-01	6.380891440443935e-06	3.754921377509763e-07	4.269433685730500e-01
2.309812002654499e-01	6.353549467068367e-06	4.170991536296108e-07	4.500858338665522e-01
2.435015362258386e-01	5.563414963665177e-06	4.296080794271903e-07	4.744827364912886e-01
2.567005369969603e-01	6.523993090705172e-06	5.084448145959757e-07	5.002020732227990e-01
2.706149896048805e-01	6.115951889083393e-06	5.311744816301013e-07	5.273155266018409e-01
2.852836751164131e-01	5.580740627123054e-06	5.494231432118638e-07	5.558986647212937e-01
3.007474767260983e-01	4.390506491880617e-06	5.210119722079519e-07	5.860311518425114e-01
3.170494937020364e-01	4.833063380765561e-06	5.761218435582895e-07	6.177969704281348e-01
3.305389182178826e-01	3.596293785591412e-06	7.031358387685996e-07	6.440822216720330e-01
