1.201635135122005e-02	4.098711553754445e-03	3.662657631771734e-04	2.341484723315957e-02
1.266769767621293e-02	2.802943725077116e-03	2.634085349067691e-04	2.468404902743298e-02
1.335435022875205e-02	2.727922942017387e-03	2.279974763676449e-04	2.602204790496498e-02
1.407822278290156e-02	2.241170867740781e-03	1.833328567621665e-04	2.743257301165361e-02
1.484133284884873e-02	2.550611290714052e-03	1.746875300939490e-04	2.891955563175029e-02
1.564580729592058e-02	2.156385955023380e-03	1.445256263088396e-04	3.048714014476931e-02
1.649388828039595e-02	2.073608500713697e-03	1.281207566035940e-04	3.213969557631654e-02
1.738793949463482e-02	1.843496059564491e-03	1.111375647197793e-04	3.388182777503078e-02
1.833045275494150e-02	1.506988511981927e-03	9.189214047704961e-05	3.571839224957631e-02
1.932405494652310e-02	1.306786670160690e-03	7.853342255180312e-05	3.765450770146461e-02
2.037151534489939e-02	1.225703646448809e-03	6.962994902570446e-05	3.969557029142250e-02
2.147575333416966e-02	1.080331701957404e-03	5.918939860303743e-05	4.184726867906905e-02
2.263984654364833e-02	1.039258724450901e-03	5.447154176544970e-05	4.411559987781799e-02
2.386703942554678e-02	8.404617796317783e-04	4.468951421341465e-05	4.650688596919512e-02
2.516075229760855e-02	7.583275979734535e-04	3.808291418443416e-05	4.902779172315534e-02
2.652459087590042e-02	6.770614014144003e-04	3.337546178584585e-05	5.168534317350897e-02
2.796235632432860e-02	6.822499056146418e-04	3.084111795099011e-05	5.448694720022902e-02
2.947805584888883e-02	5.459596850130270e-04	2.499278790501745e-05	5.744041217321744e-02
3.107591386617785e-02	4.973117140582751e-04	2.223139243670919e-05	6.055396971506669e-02
3.276038377729402e-02	4.486902789471822e-04	1.951677971204862e-05	6.383629764347189e-02
3.453616037994224e-02	4.337099950876323e-04	1.453356242742021e-05	6.729654415723627e-02
3.640819295333701e-02	3.758656703849725e-04	1.246288877586949e-05	7.094435333327927e-02
3.838169905237265e-02	3.299006116307864e-04	1.085721900369816e-05	7.478989200570967e-02
4.046217904950651e-02	2.991905339656607e-04	9.699297438257556e-06	7.884387810187918e-02
4.265543146488501e-02	2.713366475106679e-04	8.721872437761566e-06	8.311761051439154e-02
4.496756912743910e-02	2.466111833499008e-04	7.776468426863165e-06	8.762300059232411e-02
4.740503621199194e-02	2.146172849138030e-04	6.772436569827470e-06	9.237260533943106e-02
4.997462619986297e-02	1.953716468280297e-04	6.120233227469893e-06	9.737966241185493e-02
5.268350081302654e-02	1.783792744596616e-04	5.647379971359057e-06	1.026581270128895e-01
5.553920997459665e-02	1.459523084502782e-04	4.743931587014056e-06	1.082227107876232e-01
5.854971285126966e-02	1.498574203378515e-04	4.521804803324668e-06	1.140889228258663e-01
6.172340003637272e-02	1.249355375901826e-04	3.894785846462938e-06	1.202731128876424e-01
6.506911693534431e-02	1.054780612025432e-04	3.355600835598438e-06	1.267925169717171e-01
6.859618841882464e-02	9.615604816578948e-05	3.023200436061384e-06	1.336653053541690e-01
7.231444481206704e-02	8.956151321203041e-05	2.769978348842194e-06	1.409106332308917e-01
7.623424929310514e-02	8.174997905752537e-05	2.672874239689187e-06	1.485486941051722e-01
8.036652677603791e-02	6.767754877496285e-05	2.201351323479023e-06	1.566007760691431e-01
8.472279435993305e-02	6.537567237196303e-05	2.034482835244878e-06	1.650893211359710e-01
8.931519342821322e-02	5.591648328802436e-05	1.726722292172643e-06	1.740379877881463e-01
9.415652348798952e-02	4.832616438433740e-05	1.483454780125416e-06	1.834717169162028e-01
9.926027784365599e-02	4.626017911600523e-05	1.372957166767498e-06	1.934168013316455e-01
1.046406812041714e-01	4.019937268765890e-05	1.199041340439252e-06	2.039009590478274e-01
1.103127293288435e-01	3.564729707378492e-05	1.077862520601184e-06	2.149534105330149e-01
1.162922308221134e-01	3.255856726550571e-05	9.963347284549840e-07	2.266049601509569e-01
1.225958511938261e-01	3.077158276643291e-05	9.507599179531034e-07	2.388880820159396e-01
1.292411593077875e-01	2.698112949367382e-05	8.563796835897051e-07	2.518370105016136e-01
1.362466763480661e-01	2.439873446570560e-05	7.795400394738283e-07	2.654878356558535e-01
1.436319274395130e-01	2.234248167941510e-05	7.165863116890707e-07	2.798786037875791e-01
1.514174960663718e-01	2.005260571420133e-05	6.527596953521476e-07	2.950494235058848e-01
1.596250814406495e-01	1.849231531511576e-05	6.092992697265352e-07	3.110425775070213e-01
1.682775589801399e-01	1.713769254005520e-05	5.727663278160086e-07	3.279026404207893e-01
1.773990440646583e-01	1.494343270087529e-05	5.262523046028629e-07	3.456766030447982e-01
1.870149592481831e-01	1.425684943788479e-05	5.102010396633985e-07	3.644140033128415e-01
1.971521051142309e-01	1.296205612255553e-05	4.895971295392926e-07	3.841670643624140e-01
2.078387349719478e-01	1.279204677399167e-05	5.137806458940557e-07	4.049908400861787e-01
2.191046336011022e-01	1.227211688594960e-05	5.461507478095269e-07	4.269433685730500e-01
2.309812002654499e-01	1.047857841053908e-05	5.489691450441365e-07	4.500858338665522e-01
2.435015362258386e-01	1.031805397058292e-05	5.954373393190650e-07	4.744827364912886e-01
2.567005369969603e-01	1.097767143920540e-05	6.682548100952210e-07	5.002020732227990e-01
2.706149896048805e-01	1.118134583836901e-05	7.289728689444680e-07	5.273155266018409e-01
2.852836751164131e-01	1.003421878887923e-05	7.389131287050780e-07	5.558986647212937e-01
3.007474767260983e-01	8.842865881631020e-06	7.362307255966588e-07	5.860311518425114e-01
3.170494937020364e-01	8.086933237289015e-06	7.399751467625625e-07	6.177969704281348e-01
3.305389182178826e-01	7.850185849156034e-06	9.920163270147740e-07	6.440822216720330e-01
