1.060221630602687e-02	1.027497511161028e+00	8.735813044687046e-03	2.065965151887917e-02
1.117650655667543e-02	1.036710853705608e+00	7.494450173781323e-03	2.177872286270230e-02
1.178190438733087e-02	1.022865511424374e+00	6.403149456162617e-03	2.295841094400630e-02
1.242009480227942e-02	1.025798797439449e+00	5.591891590771733e-03	2.420199918961029e-02
1.309285407743449e-02	1.028495982525492e+00	4.909844718518321e-03	2.551294887971391e-02
1.380205470424688e-02	1.026887157132304e+00	4.340541133506013e-03	2.689490878168137e-02
1.454967060141183e-02	1.020277579594427e+00	3.852207212577053e-03	2.835172530565871e-02
1.533778260887850e-02	1.022053779733082e+00	3.451115239903392e-03	2.988745321029032e-02
1.616858427945362e-02	1.012800242676097e+00	3.096882578809410e-03	3.150636688833212e-02
1.704438798411879e-02	9.191171227473106e-01	2.670056316281245e-03	3.321297226357241e-02
1.796763134805455e-02	5.055575266572642e-01	4.978977709886820e-03	3.501201933217333e-02
1.894088403528462e-02	2.221733157292870e-01	2.180071559979838e-03	3.690851538333917e-02
1.996685490082388e-02	1.314988035828622e-01	1.269998749117595e-03	3.890773893610849e-02
2.104839953023681e-02	8.355605186597273e-02	7.996453384714300e-04	4.101525443106069e-02
2.218852818759114e-02	5.825465244362638e-02	5.609517506773776e-04	4.323692771782794e-02
2.339041419392839e-02	4.138757849020328e-02	4.058167330721259e-04	4.557894238151954e-02
2.465740275957091e-02	2.969594095099485e-02	2.940592373384273e-04	4.804781695349930e-02
2.599302029484859e-02	2.154748330073162e-02	2.191495883806217e-04	5.065042305441950e-02
2.740098422515965e-02	1.673641807018047e-02	1.739246819808188e-04	5.339400452000823e-02
2.888521333768387e-02	1.251813249113325e-02	1.334326912473286e-04	5.628619756284352e-02
3.044983868854620e-02	9.412470142920654e-03	1.049079036812469e-04	5.933505202623007e-02
3.209921510078868e-02	7.297361390105160e-03	7.145612807968649e-05	6.254905378933487e-02
3.383793328515310e-02	5.588283931620850e-03	5.628985184736719e-05	6.593714838594177e-02
3.567083261740998e-02	4.240721648921692e-03	4.443425281149447e-05	6.950876590256308e-02
3.760301460779723e-02	3.271775916432439e-03	3.608583277839938e-05	7.327384722520722e-02
3.963985710005778e-02	2.561488184654714e-03	2.953653742224799e-05	7.724287170785500e-02
4.178702923959661e-02	1.991827252769939e-03	2.435719298531154e-05	8.142688633965439e-02
4.405050725241784e-02	1.508844634312700e-03	1.979071147325700e-05	8.583753649201445e-02
4.643659107875956e-02	1.190920303127487e-03	1.621188162923396e-05	9.048709833117739e-02
4.895192190772273e-02	9.260239485075964e-04	1.324314071007669e-05	9.538851298648228e-02
5.160350066169835e-02	7.113048658692236e-04	1.129303102132552e-05	1.005554225694211e-01
5.439870748204056e-02	5.588979802527639e-04	9.314952655573274e-06	1.060022081437389e-01
5.734532227022025e-02	4.208203168463254e-04	7.403244607775903e-06	1.117440297522608e-01
6.045154634163127e-02	3.257145295884758e-04	6.061856526167609e-06	1.177968686118515e-01
6.372602525231842e-02	2.521544169673296e-04	4.945126772607343e-06	1.241775715939497e-01
6.717787286216076e-02	1.936094635513257e-04	4.028298958870291e-06	1.309038981144792e-01
7.081669670148541e-02	1.442712999996806e-04	3.225816801925649e-06	1.379945695636461e-01
7.465262471171477e-02	1.070888753753843e-04	2.722924199495892e-06	1.454693214132002e-01
7.869633343447421e-02	8.270012885680713e-05	2.169608570112815e-06	1.533489581461890e-01
8.295907772761937e-02	6.203421174467474e-05	1.710877929386342e-06	1.616554111620936e-01
8.745272209089133e-02	4.832656054987403e-05	1.374826640477752e-06	1.704117998185107e-01
9.218977368838865e-02	3.519675151381388e-05	1.078552789658646e-06	1.796424957792800e-01
9.718341715976760e-02	2.772627719870894e-05	8.835803284136571e-07	1.893731908481562e-01
1.024475513170607e-01	1.995878156456019e-05	6.977098444532607e-07	1.996309684768283e-01
1.079968278292520e-01	1.628531126899558e-05	6.000278708133677e-07	2.104443791463127e-01
1.138466920022790e-01	1.332767968556815e-05	5.218499263521180e-07	2.218435198315310e-01
1.200134257679665e-01	1.167861410651394e-05	4.785693849169044e-07	2.338601177702455e-01
1.265141930015399e-01	8.819597184336417e-06	4.101301503135970e-07	2.465276187695064e-01
1.333670872938544e-01	7.965887671085651e-06	3.749001836648943e-07	2.598812802953943e-01
1.405911823113006e-01	7.584941648505511e-06	3.504896333885308e-07	2.739582696051549e-01
1.482065848835568e-01	6.729392223168370e-06	3.206698729940569e-07	2.887977671948573e-01
1.562344909669444e-01	7.592249266170510e-06	3.315886895346012e-07	3.044410758505012e-01
1.646972446391509e-01	7.236335029228374e-06	3.171782603852947e-07	3.209317356060952e-01
1.736184002895197e-01	7.330037009431630e-06	3.174957595184631e-07	3.383156449286706e-01
1.830227881780022e-01	6.639738278322099e-06	3.018043001884324e-07	3.566411884675219e-01
1.929365835452400e-01	6.570017606097121e-06	3.027252096653577e-07	3.759593717232422e-01
2.033873794661350e-01	6.857978252561370e-06	3.252257260078753e-07	3.963239630113750e-01
2.144042636496772e-01	6.263727551160306e-06	3.396537526808587e-07	4.177916431158121e-01
2.260178993987892e-01	6.319269281068749e-06	3.803095872318765e-07	4.404221630484664e-01
2.382606109555234e-01	5.778021092818486e-06	4.034111555914978e-07	4.642785103543126e-01
2.511664734691513e-01	5.537203033975566e-06	4.311859444972914e-07	4.894270844246747e-01
2.647714078375548e-01	5.508342686182018e-06	4.700895055716510e-07	5.159378813067060e-01
2.791132806858916e-01	4.883373648362874e-06	4.774792510470251e-07	5.438846885234463e-01
2.942320097608043e-01	5.321229928860414e-06	5.327384361715960e-07	5.733452904466959e-01
3.101696750335178e-01	4.182894539098341e-06	5.016500133496868e-07	6.044016847943220e-01
3.270054456273042e-01	3.594528637100246e-06	4.945340529827464e-07	6.372081418104556e-01
