1.060221630602687e-02	4.549215337363465e-04	1.731664752908490e-04	2.065965151887917e-02
1.117650655667543e-02	1.643017091234429e-04	8.478852592170575e-05	2.177872286270230e-02
1.178190438733087e-02	1.142339597698944e-04	6.359100207781674e-05	2.295841094400630e-02
1.242009480227942e-02	5.770823920334438e-05	4.082264884277698e-05	2.420199918961029e-02
1.309285407743449e-02	1.060003742547370e-04	4.747097808248677e-05	2.551294887971391e-02
1.380205470424688e-02	8.041022321418288e-05	3.599106926850886e-05	2.689490878168137e-02
1.454967060141183e-02	0.000000000000000e+00	0.000000000000000e+00	2.835172530565871e-02
1.533778260887850e-02	2.123083459995614e-05	1.504140094830521e-05	2.988745321029032e-02
1.616858427945362e-02	1.625197115197739e-05	1.149524984478990e-05	3.150636688833212e-02
1.704438798411879e-02	4.068429993375917e-05	1.661610856665951e-05	3.321297226357241e-02
1.796763134805455e-02	1.186252934953304e-05	8.438416250155564e-06	3.501201933217333e-02
1.894088403528462e-02	3.127388294008491e-05	1.191391260993734e-05	3.690851538333917e-02
1.996685490082388e-02	1.497161527526385e-05	7.527175830732512e-06	3.890773893610849e-02
2.104839953023681e-02	1.661997958220433e-05	7.462188834120774e-06	4.101525443106069e-02
2.218852818759114e-02	5.713466559464154e-06	4.050675820085660e-06	4.323692771782794e-02
2.339041419392839e-02	1.447710772375775e-05	5.923864296981501e-06	4.557894238151954e-02
2.465740275957091e-02	1.569616615525885e-05	5.560409369451944e-06	4.804781695349930e-02
2.599302029484859e-02	1.466019092177664e-05	4.898323370102772e-06	5.065042305441950e-02
2.740098422515965e-02	1.529499451542415e-05	4.660643076253948e-06	5.339400452000823e-02
2.888521333768387e-02	1.614206813367419e-05	4.451884103405449e-06	5.628619756284352e-02
3.044983868854620e-02	1.020231000801888e-05	3.228936654738711e-06	5.933505202623007e-02
3.209921510078868e-02	1.411293638470883e-05	3.261941946477054e-06	6.254905378933487e-02
3.383793328515310e-02	1.371623225034830e-05	2.956876839219760e-06	6.593714838594177e-02
3.567083261740998e-02	1.050197062148182e-05	2.419467968738145e-06	6.950876590256308e-02
3.760301460779723e-02	1.149462661167588e-05	2.392787976287034e-06	7.327384722520722e-02
3.963985710005778e-02	7.370085456909459e-06	1.807138871631118e-06	7.724287170785500e-02
4.178702923959661e-02	1.271285893079157e-05	2.311423517573834e-06	8.142688633965439e-02
4.405050725241784e-02	8.504161029617002e-06	1.824938660508055e-06	8.583753649201445e-02
4.643659107875956e-02	8.827812321108598e-06	1.742501154699513e-06	9.048709833117739e-02
4.895192190772273e-02	8.700483267634906e-06	1.654119526956043e-06	9.538851298648228e-02
5.160350066169835e-02	7.450197228112415e-06	1.495578803415547e-06	1.005554225694211e-01
5.439870748204056e-02	1.041265916025306e-05	1.634893551294234e-06	1.060022081437389e-01
5.734532227022025e-02	7.461411754131652e-06	1.322212760253129e-06	1.117440297522608e-01
6.045154634163127e-02	5.908877111776825e-06	1.119685841990023e-06	1.177968686118515e-01
6.372602525231842e-02	9.710235756329012e-06	1.431961083048184e-06	1.241775715939497e-01
6.717787286216076e-02	5.508133977580625e-06	1.037638440759189e-06	1.309038981144792e-01
7.081669670148541e-02	7.449707001726852e-06	1.205534230003349e-06	1.379945695636461e-01
7.465262471171477e-02	7.067890631019216e-06	1.410618836491266e-06	1.454693214132002e-01
7.869633343447421e-02	8.945370721532924e-06	1.554117837871128e-06	1.533489581461890e-01
8.295907772761937e-02	5.256598217541805e-06	1.029784968185088e-06	1.616554111620936e-01
8.745272209089133e-02	6.071293921763368e-06	1.065675367800417e-06	1.704117998185107e-01
9.218977368838865e-02	7.451758984059446e-06	1.180997465617946e-06	1.796424957792800e-01
9.718341715976760e-02	5.373734138930758e-06	8.930493842873518e-07	1.893731908481562e-01
1.024475513170607e-01	6.696523068105337e-06	1.014865122178187e-06	1.996309684768283e-01
1.079968278292520e-01	6.166250982310778e-06	9.326038968104089e-07	2.104443791463127e-01
1.138466920022790e-01	8.049186966536085e-06	1.131157909020945e-06	2.218435198315310e-01
1.200134257679665e-01	6.373202853629586e-06	9.336532662042700e-07	2.338601177702455e-01
1.265141930015399e-01	5.853381121747096e-06	8.696660959367202e-07	2.465276187695064e-01
1.333670872938544e-01	6.316898862808278e-06	9.074855845450908e-07	2.598812802953943e-01
1.405911823113006e-01	6.382138651141449e-06	8.988781097605644e-07	2.739582696051549e-01
1.482065848835568e-01	6.393287341685234e-06	8.900389773005657e-07	2.887977671948573e-01
1.562344909669444e-01	6.205567354645459e-06	8.593007880549566e-07	3.044410758505012e-01
1.646972446391509e-01	6.825269227609666e-06	9.221865543180407e-07	3.209317356060952e-01
1.736184002895197e-01	6.979427112868202e-06	9.368737052474647e-07	3.383156449286706e-01
1.830227881780022e-01	5.971965266366507e-06	8.246321080665479e-07	3.566411884675219e-01
1.929365835452400e-01	5.671827061674549e-06	7.940199579351852e-07	3.759593717232422e-01
2.033873794661350e-01	6.074758567258178e-06	8.544796481042746e-07	3.963239630113750e-01
2.144042636496772e-01	6.318699710386783e-06	9.158777368736364e-07	4.177916431158121e-01
2.260178993987892e-01	5.933029337235959e-06	9.182123166500985e-07	4.404221630484664e-01
2.382606109555234e-01	5.355329802722548e-06	9.020987636986326e-07	4.642785103543126e-01
2.511664734691513e-01	5.788745179914332e-06	1.012133188654836e-06	4.894270844246747e-01
2.647714078375548e-01	5.779324588936545e-06	1.061525219804742e-06	5.159378813067060e-01
2.791132806858916e-01	5.581198555891665e-06	1.095508025467266e-06	5.438846885234463e-01
2.942320097608043e-01	5.600806185621103e-06	1.145737153743920e-06	5.733452904466959e-01
3.101696750335178e-01	5.680972694072152e-06	1.219659904005151e-06	6.044016847943220e-01
3.270054456273042e-01	4.086395953236624e-06	1.057006525918490e-06	6.372081418104556e-01
