1.060212340223983e-02	1.037829440717519e+00	8.774744931410462e-03	2.065964221811864e-02
1.117621778234772e-02	1.035998745338268e+00	7.480460595816001e-03	2.177834118458755e-02
1.178139879904407e-02	1.032029418246866e+00	6.422507656106957e-03	2.295761658139178e-02
1.241934976261350e-02	1.025842935783790e+00	5.582650064622830e-03	2.420074856165757e-02
1.309184513290926e-02	1.024662346031018e+00	4.890551984708100e-03	2.551119489552276e-02
1.380075545501117e-02	1.023717150129361e+00	4.325800429825466e-03	2.689260058792042e-02
1.454805256214457e-02	1.021808802881881e+00	3.848916525641947e-03	2.834880801715573e-02
1.533581506033213e-02	1.021181660955259e+00	3.442135765806942e-03	2.988386762247669e-02
1.616623411003406e-02	1.020970535606650e+00	3.104906342237970e-03	3.150204917036618e-02
1.704161952085829e-02	9.273722263114902e-01	2.677164433913663e-03	3.320785363089235e-02
1.796440617629325e-02	5.298650616998329e-01	5.190975063115709e-03	3.500602569715153e-02
1.893716080633335e-02	2.287237438559304e-01	2.241710944576169e-03	3.690156698262659e-02
1.996258912683550e-02	1.349475683916520e-01	1.299271419067666e-03	3.889974993316885e-02
2.104354336546451e-02	8.583292207562639e-02	8.157279698381338e-04	4.100613249230000e-02
2.218303019516105e-02	5.932776924737760e-02	5.695534608517220e-04	4.322657356062555e-02
2.338421909719882e-02	4.233294443639822e-02	4.119775453950483e-04	4.556724929235987e-02
2.465045117709304e-02	2.974284129342605e-02	2.943743449553825e-04	4.803467027429185e-02
2.598524845788145e-02	2.218321578807749e-02	2.226046409791660e-04	5.063569963497448e-02
2.739232367662727e-02	1.711936945928472e-02	1.761628887107833e-04	5.337757213450872e-02
2.887559061139296e-02	1.250006041058895e-02	1.330546658733007e-04	5.626791428802023e-02
3.043917496740928e-02	9.260290693270017e-03	1.038089873605088e-04	5.931476557880224e-02
3.208742585271952e-02	7.292842712229148e-03	7.137860298461171e-05	6.252660082012880e-02
3.382492787521844e-02	5.581483538574432e-03	5.617389070320527e-05	6.591235372793795e-02
3.565651389473364e-02	4.317234175087815e-03	4.487778792342657e-05	6.948144176995208e-02
3.758727846561957e-02	3.315678928052896e-03	3.627519662340923e-05	7.324379236035321e-02
3.962259200725441e-02	2.541398159780304e-03	2.941411586590324e-05	7.720987047287398e-02
4.176811574185522e-02	1.953845101134517e-03	2.407305597349385e-05	8.139070774910963e-02
4.402981744116095e-02	1.512470986688527e-03	1.979940051353683e-05	8.579793318301616e-02
4.641398802578237e-02	1.147338341968739e-03	1.587498510326980e-05	9.044380546694332e-02
4.892725906339046e-02	9.053359671305649e-04	1.305548880639024e-05	9.534124708917283e-02
5.157662121441400e-02	7.155229446819788e-04	1.134231682865991e-05	1.005038802778044e-01
5.436944367655330e-02	5.622093691699051e-04	9.320226675336267e-06	1.059460648909673e-01
5.731349468219499e-02	4.168243324360632e-04	7.371245267632077e-06	1.116829383587483e-01
6.041696310574116e-02	3.241770863557728e-04	6.046220412039848e-06	1.177304577879361e-01
6.368848124095394e-02	2.465270593242547e-04	4.878833254639376e-06	1.241054443466951e-01
6.713714881167035e-02	1.832133962894708e-04	3.904425354869987e-06	1.308256300526243e-01
7.077255828267348e-02	1.334178005570778e-04	3.086523585263764e-06	1.379097070943438e-01
7.460482154112197e-02	1.086836190957490e-04	2.748007577264201e-06	1.453773798237954e-01
7.864459802275219e-02	7.788115298820786e-05	2.102114595922461e-06	1.532494195638741e-01
8.290312436108618e-02	6.203240428005013e-05	1.715416584666129e-06	1.615477223838384e-01
8.739224564211465e-02	4.487052168992011e-05	1.322646894328171e-06	1.702953700032008e-01
9.212444835138951e-02	3.343633989365196e-05	1.050000842324915e-06	1.795166939935041e-01
9.711289510516891e-02	2.607213227476984e-05	8.562392372609646e-07	1.892373434565584e-01
1.023714612622187e-01	1.983732607515569e-05	6.955978683935783e-07	1.994843563673876e-01
1.079147735181066e-01	1.677920632301928e-05	6.095302845884295e-07	2.102862347803253e-01
1.137582505893385e-01	1.275878337561233e-05	5.102727451647569e-07	2.216730241074451e-01
1.199181461005006e-01	1.033096507776531e-05	4.493803016982025e-07	2.336763966898391e-01
1.264115937936967e-01	9.074561314151577e-06	4.164956444160586e-07	2.463297398941973e-01
1.332566551860315e-01	8.227143541109525e-06	3.811627504430437e-07	2.596682489797281e-01
1.404723698076999e-01	6.765775586826638e-06	3.307574609125980e-07	2.737290249937315e-01
1.480788081604171e-01	6.532497481225159e-06	3.158339544392950e-07	2.885511779681170e-01
1.560971275434955e-01	6.719273176333477e-06	3.115996696412517e-07	3.041759357039126e-01
1.645496309028482e-01	5.449970508995287e-06	2.743855096311465e-07	3.206467584463437e-01
1.734598288666066e-01	6.315052286456310e-06	2.940332346583519e-07	3.380094597694548e-01
1.828525051399045e-01	6.400883046982257e-06	2.960980781879427e-07	3.563123340065110e-01
1.927537854407252e-01	6.947686112864601e-06	3.112159274928213e-07	3.756062905806296e-01
2.031912101685550e-01	5.771602911656307e-06	2.970502905964287e-07	3.959449956092801e-01
2.141938110079721e-01	5.757908963935024e-06	3.254725122403293e-07	4.173850211765270e-01
2.257921916802428e-01	5.676921036260024e-06	3.565920271582225e-07	4.399860026882149e-01
2.380186130675362e-01	5.616372865327060e-06	3.947462054617628e-07	4.638108047477790e-01
2.509070829465303e-01	5.120316050912062e-06	4.118971455376165e-07	4.889256960140665e-01
2.644934505810019e-01	4.486913560180521e-06	4.211038570477098e-07	5.154005335275321e-01
2.788155064365126e-01	4.881845525176565e-06	4.756461215955896e-07	5.433089570175145e-01
2.939130872945434e-01	4.488845539367618e-06	4.861577702414846e-07	5.727285937310559e-01
3.098281870584556e-01	4.876413797650639e-06	5.441190328387017e-07	6.037412743529988e-01
3.268288775576020e-01	3.466986743638714e-06	4.819064167615733e-07	6.368693723620386e-01
