1.060221630602687e-02	2.853272653123034e-04	7.177210523075738e-05	2.065965151887917e-02
1.117650655667543e-02	1.597825301515435e-04	4.450514492094370e-05	2.177872286270230e-02
1.178190438733087e-02	1.141701686136273e-04	3.306785995042675e-05	2.295841094400630e-02
1.242009480227942e-02	9.052024047364843e-05	2.515622591338492e-05	2.420199918961029e-02
1.309285407743449e-02	7.522475672461317e-05	2.013238365774927e-05	2.551294887971391e-02
1.380205470424688e-02	8.336650228175596e-05	1.902747723508474e-05	2.689490878168137e-02
1.454967060141183e-02	4.927838122590443e-05	1.285002670476810e-05	2.835172530565871e-02
1.533778260887850e-02	5.517838864950114e-05	1.235343532810054e-05	2.988745321029032e-02
1.616858427945362e-02	2.884989680029083e-05	8.009479835349887e-06	3.150636688833212e-02
1.704438798411879e-02	3.495176021739955e-05	8.026605520015872e-06	3.321297226357241e-02
1.796763134805455e-02	3.053653645476819e-05	6.744845096468038e-06	3.501201933217333e-02
1.894088403528462e-02	2.525225531886644e-05	5.705606950986153e-06	3.690851538333917e-02
1.996685490082388e-02	1.876613101286315e-05	4.456333143186984e-06	3.890773893610849e-02
2.104839953023681e-02	1.404751237838636e-05	3.535942304373730e-06	4.101525443106069e-02
2.218852818759114e-02	1.549397642632160e-05	3.398550411443990e-06	4.323692771782794e-02
2.339041419392839e-02	1.196735384818969e-05	2.753214436987397e-06	4.557894238151954e-02
2.465740275957091e-02	1.549413747014541e-05	2.838605145957738e-06	4.804781695349930e-02
2.599302029484859e-02	1.274025770574690e-05	2.372320494357952e-06	5.065042305441950e-02
2.740098422515965e-02	1.380020398297266e-05	2.273450385749096e-06	5.339400452000823e-02
2.888521333768387e-02	1.445941455040030e-05	2.136738718410371e-06	5.628619756284352e-02
3.044983868854620e-02	1.024789700760536e-05	1.663095371327509e-06	5.933505202623007e-02
3.209921510078868e-02	1.198435511611188e-05	1.493692274116872e-06	6.254905378933487e-02
3.383793328515310e-02	1.162765471173433e-05	1.342753097611889e-06	6.593714838594177e-02
3.567083261740998e-02	1.161327847630587e-05	1.243605428158249e-06	6.950876590256308e-02
3.760301460779723e-02	1.141828215122977e-05	1.158149106250833e-06	7.327384722520722e-02
3.963985710005778e-02	1.133863042995743e-05	1.090342472085853e-06	7.724287170785500e-02
4.178702923959661e-02	1.197423386231109e-05	1.068550525559528e-06	8.142688633965439e-02
4.405050725241784e-02	1.054643978528099e-05	9.617134986772548e-07	8.583753649201445e-02
4.643659107875956e-02	9.004152002028862e-06	8.280969609890623e-07	9.048709833117739e-02
4.895192190772273e-02	1.026823814547446e-05	8.347369759644365e-07	9.538851298648228e-02
5.160350066169835e-02	9.750503930723029e-06	7.803574268942242e-07	1.005554225694211e-01
5.439870748204056e-02	7.657322694266197e-06	6.502447291590834e-07	1.060022081437389e-01
5.734532227022025e-02	9.916375231466197e-06	7.127872889757884e-07	1.117440297522608e-01
6.045154634163127e-02	7.421833428517075e-06	5.795727694045059e-07	1.177968686118515e-01
6.372602525231842e-02	8.769082879827140e-06	6.147572657321461e-07	1.241775715939497e-01
6.717787286216076e-02	8.999360864353463e-06	5.990772280444920e-07	1.309038981144792e-01
7.081669670148541e-02	8.963586434293286e-06	5.885737793248236e-07	1.379945695636461e-01
7.465262471171477e-02	7.646901122351189e-06	5.951799920640123e-07	1.454693214132002e-01
7.869633343447421e-02	7.772480130517954e-06	5.644825039126187e-07	1.533489581461890e-01
8.295907772761937e-02	8.257910299808892e-06	5.609263215942554e-07	1.616554111620936e-01
8.745272209089133e-02	7.740712296388947e-06	5.088112167571927e-07	1.704117998185107e-01
9.218977368838865e-02	7.479426651950624e-06	4.762796461973127e-07	1.796424957792800e-01
9.718341715976760e-02	7.593982161607636e-06	4.641328395323127e-07	1.893731908481562e-01
1.024475513170607e-01	7.999820030120518e-06	4.694332613836196e-07	1.996309684768283e-01
1.079968278292520e-01	7.454565353546433e-06	4.355019877946421e-07	2.104443791463127e-01
1.138466920022790e-01	7.537448852800372e-06	4.330102116378083e-07	2.218435198315310e-01
1.200134257679665e-01	7.480877681177974e-06	4.273315462199363e-07	2.338601177702455e-01
1.265141930015399e-01	7.998437855670167e-06	4.492478009517676e-07	2.465276187695064e-01
1.333670872938544e-01	7.227013482599477e-06	4.078031544575984e-07	2.598812802953943e-01
1.405911823113006e-01	6.847271890293124e-06	3.840214133824120e-07	2.739582696051549e-01
1.482065848835568e-01	7.146867306765026e-06	3.937752999357114e-07	2.887977671948573e-01
1.562344909669444e-01	7.373048778814415e-06	4.002202245677750e-07	3.044410758505012e-01
1.646972446391509e-01	6.998605031709067e-06	3.806190216333223e-07	3.209317356060952e-01
1.736184002895197e-01	7.329489526541663e-06	3.949088000278326e-07	3.383156449286706e-01
1.830227881780022e-01	7.048346924585449e-06	3.821643952952807e-07	3.566411884675219e-01
1.929365835452400e-01	7.097214028149596e-06	3.855346993616483e-07	3.759593717232422e-01
2.033873794661350e-01	6.637257457771998e-06	3.709833208739173e-07	3.963239630113750e-01
2.144042636496772e-01	6.624445166315921e-06	3.838769861037828e-07	4.177916431158121e-01
2.260178993987892e-01	6.684996576015360e-06	4.052800668260963e-07	4.404221630484664e-01
2.382606109555234e-01	6.793833775232523e-06	4.319763192348256e-07	4.642785103543126e-01
2.511664734691513e-01	5.874318165570585e-06	4.079020292839327e-07	4.894270844246747e-01
2.647714078375548e-01	6.061711150903963e-06	4.401296459731797e-07	5.159378813067060e-01
2.791132806858916e-01	5.853173857132940e-06	4.534140487962695e-07	5.438846885234463e-01
2.942320097608043e-01	5.627112132530583e-06	4.616698870798757e-07	5.733452904466959e-01
3.101696750335178e-01	5.866649239084754e-06	4.971283386647870e-07	6.044016847943220e-01
3.270054456273042e-01	5.673006236761837e-06	5.069026592704765e-07	6.372081418104556e-01
