1.060231437113541e-02	8.605955358053501e-04	2.306790208346569e-04	2.065966133944595e-02
1.117681137764976e-02	7.941798484377242e-04	1.933216549199761e-04	2.177912574878517e-02
1.178243807895909e-02	6.217900523125499e-04	1.470772606242324e-04	2.295924945660884e-02
1.242088126870556e-02	3.584031583322319e-04	9.960064694495668e-05	2.420331934766465e-02
1.309391914113164e-02	3.436499834411755e-04	8.351028756577808e-05	2.551480040983720e-02
1.380342624371300e-02	3.684989079063125e-04	7.694998871829299e-05	2.689734538484464e-02
1.455137869815483e-02	2.535199550959312e-04	5.675755271408471e-05	2.835480494186783e-02
1.533985970429305e-02	2.185660646446553e-04	4.664650031427842e-05	2.989123840244788e-02
1.617106534222987e-02	2.113340330480677e-04	4.149421187082231e-05	3.151092504652293e-02
1.704731068886394e-02	1.911042000267601e-04	3.614273917576424e-05	3.321837603109382e-02
1.797103626585072e-02	2.115146853557561e-04	3.422422767185928e-05	3.501834695471467e-02
1.894481483695211e-02	1.906829753889132e-04	2.963605023281914e-05	3.691585110280284e-02
1.997135857370719e-02	1.267173062508272e-04	2.258966091387933e-05	3.891617341065930e-02
2.105352660938210e-02	1.254841264518629e-04	2.033010329553630e-05	4.102488518308930e-02
2.219433300223807e-02	7.713566623463496e-05	1.467011458609576e-05	4.324785961162017e-02
2.339695513029735e-02	9.674762957640586e-05	1.525325020100158e-05	4.559128813253542e-02
2.466474254098764e-02	7.098865733192329e-05	1.179869172548581e-05	4.806169767128499e-02
2.600122628031359e-02	6.919744354666420e-05	1.061422155714702e-05	5.066596882130123e-02
2.741012872753866e-02	7.789306491666682e-05	1.054979128263782e-05	5.341135500785226e-02
2.889537396276907e-02	6.102418998700295e-05	8.481550086856570e-06	5.630550269030774e-02
3.046109869631568e-02	5.796689115332298e-05	7.693632007072853e-06	5.935647265908475e-02
3.211166379027423e-02	5.592906580482997e-05	5.650079793340723e-06	6.257276248658991e-02
3.385166640441404e-02	5.504518111687565e-05	5.089724458482419e-06	6.596333019468828e-02
3.568595280020362e-02	4.618001441365986e-05	4.249461503394099e-06	6.953761920461766e-02
3.761963183863545e-02	3.804630450626325e-05	3.577987490729252e-06	7.330558463883907e-02
3.965808920944375e-02	3.517206203738660e-05	3.196833210762555e-06	7.727772104807920e-02
4.180700243134668e-02	4.120030326731988e-05	3.274545819255821e-06	8.146509164079044e-02
4.407235666509163e-02	3.412194872440498e-05	2.811476433772951e-06	8.587935909643830e-02
4.646046138334628e-02	3.426669356801849e-05	2.622970469222261e-06	9.053281804843791e-02
4.897796794386428e-02	2.178457349613766e-05	1.933195018218983e-06	9.543842932721056e-02
5.163188811487050e-02	2.629171499891715e-05	2.005254246042717e-06	1.006098560587348e-01
5.442961360426288e-02	2.256664448831698e-05	1.733984499016681e-06	1.060615017191334e-01
5.737893664702347e-02	1.937559783600164e-05	1.500470767311452e-06	1.118085502512864e-01
6.048807170817908e-02	2.152930893573328e-05	1.538080334527934e-06	1.178670083552025e-01
6.376567836175848e-02	1.939366556326640e-05	1.368083822262311e-06	1.242537500699376e-01
6.722088540946872e-02	1.881114749805061e-05	1.284807906579976e-06	1.309865637712272e-01
7.086331630626619e-02	1.642072312207015e-05	1.147028327900040e-06	1.380842017157349e-01
7.470311596363752e-02	1.652450634301276e-05	1.177937712974803e-06	1.455664322699037e-01
7.875097900524319e-02	1.510817246232415e-05	1.044990326604277e-06	1.534540949688807e-01
8.301817955362129e-02	1.501963220812482e-05	9.908752141437561e-07	1.617691585588645e-01
8.751660263091382e-02	1.389766610501743e-05	8.909980883414658e-07	1.705347821845351e-01
9.225877726107251e-02	1.384841053990759e-05	8.546742218815325e-07	1.797753798919863e-01
9.725791136574100e-02	1.387509846407365e-05	8.239569668468997e-07	1.895166886268135e-01
1.025279285510050e-01	1.295920445754725e-05	7.589674839169601e-07	1.997858399167461e-01
1.080835068874698e-01	1.384099177560299e-05	7.842699405872049e-07	2.106114354384748e-01
1.139401197916742e-01	1.265217589818448e-05	7.194424116992405e-07	2.220236266791440e-01
1.201140791227059e-01	1.157249177926998e-05	6.654027083994924e-07	2.340541989143801e-01
1.266225806140488e-01	1.173330997315342e-05	6.696837945789527e-07	2.467366597367547e-01
1.334837517672017e-01	1.073954338451017e-05	6.140851540005855e-07	2.601063323812505e-01
1.407167023404593e-01	1.121481580464049e-05	6.250594318851713e-07	2.742004541076610e-01
1.483415775734794e-01	1.165572487990765e-05	6.381473523476671e-07	2.890582799139387e-01
1.563796142958760e-01	1.081883675435964e-05	5.941384052392802e-07	3.047211918693554e-01
1.648532000761123e-01	1.092140243346754e-05	5.943497423608317e-07	3.212328143719883e-01
1.737859355754365e-01	1.026588342459409e-05	5.639338717795158e-07	3.386391356515489e-01
1.832027002805271e-01	1.079860630960760e-05	5.876852993219831e-07	3.569886358559637e-01
1.931297217979278e-01	9.516043697096058e-06	5.321651749386797e-07	3.763324220784549e-01
2.035946489032703e-01	9.452581954864998e-06	5.404607181516645e-07	3.967243707011981e-01
2.146266285487429e-01	9.524158961441550e-06	5.661729650057724e-07	4.182212774520132e-01
2.262563870432851e-01	8.903177601500515e-06	5.686063888214103e-07	4.408830155920280e-01
2.385163156316125e-01	8.800272251949028e-06	5.954743117506389e-07	4.647727026748976e-01
2.514405607104271e-01	8.718373729056373e-06	6.276320105918461e-07	4.899568763420397e-01
2.650651189330823e-01	9.397292124299959e-06	6.988161488529503e-07	5.165056796435094e-01
2.794279374675903e-01	7.698234460783712e-06	6.457488867834606e-07	5.444930564006726e-01
2.945690196872091e-01	7.820504081724756e-06	6.853015803465616e-07	5.739969571547994e-01
3.105305365879802e-01	8.882081211134972e-06	7.799929339497087e-07	6.050995562751894e-01
3.271920324847719e-01	8.253065398667703e-06	7.899608691689778e-07	6.375661339097310e-01
