1.060221630602687e-02	2.007903407567839e-04	5.211196828481785e-05	2.065965151887917e-02
1.117650655667543e-02	1.743204444463197e-04	4.151696033319921e-05	2.177872286270230e-02
1.178190438733087e-02	1.046719678947498e-04	2.781055242349728e-05	2.295841094400630e-02
1.242009480227942e-02	1.061476353903481e-04	2.441315644144822e-05	2.420199918961029e-02
1.309285407743449e-02	5.655818274662725e-05	1.572455644150769e-05	2.551294887971391e-02
1.380205470424688e-02	7.027262792067758e-05	1.535797960214297e-05	2.689490878168137e-02
1.454967060141183e-02	4.535271823073659e-05	1.101249887435964e-05	2.835172530565871e-02
1.533778260887850e-02	3.889566101289797e-05	9.179515437761664e-06	2.988745321029032e-02
1.616858427945362e-02	4.379303016033584e-05	8.764672083248752e-06	3.150636688833212e-02
1.704438798411879e-02	3.818422999884958e-05	7.365813979261704e-06	3.321297226357241e-02
1.796763134805455e-02	2.345357370095576e-05	5.289642088822531e-06	3.501201933217333e-02
1.894088403528462e-02	2.400863694775204e-05	4.839849775259038e-06	3.690851538333917e-02
1.996685490082388e-02	2.147764853074962e-05	4.251215057052059e-06	3.890773893610849e-02
2.104839953023681e-02	1.456675105142445e-05	3.122428326025942e-06	4.101525443106069e-02
2.218852818759114e-02	1.606473821437394e-05	3.105447968602740e-06	4.323692771782794e-02
2.339041419392839e-02	1.659406954854293e-05	2.877971092969576e-06	4.557894238151954e-02
2.465740275957091e-02	1.393912546089854e-05	2.414289806054941e-06	4.804781695349930e-02
2.599302029484859e-02	1.330273223918888e-05	2.136030947213369e-06	5.065042305441950e-02
2.740098422515965e-02	1.292734697981968e-05	1.962555872258952e-06	5.339400452000823e-02
2.888521333768387e-02	1.383398956865224e-05	1.863584788021929e-06	5.628619756284352e-02
3.044983868854620e-02	1.165944941153843e-05	1.574539110604694e-06	5.933505202623007e-02
3.209921510078868e-02	1.179210266882693e-05	1.326651854062660e-06	6.254905378933487e-02
3.383793328515310e-02	1.147490978125987e-05	1.201754469597301e-06	6.593714838594177e-02
3.567083261740998e-02	1.093230401318614e-05	1.086055520088679e-06	6.950876590256308e-02
3.760301460779723e-02	1.134021420009105e-05	1.047376867501973e-06	7.327384722520722e-02
3.963985710005778e-02	1.033397345387717e-05	9.391758873907230e-07	7.724287170785500e-02
4.178702923959661e-02	9.601871199536518e-06	8.723992716808811e-07	8.142688633965439e-02
4.405050725241784e-02	9.626130548538204e-06	8.349213449851174e-07	8.583753649201445e-02
4.643659107875956e-02	9.377840073224107e-06	7.723975047015938e-07	9.048709833117739e-02
4.895192190772273e-02	8.894577374826458e-06	7.133984464830368e-07	9.538851298648228e-02
5.160350066169835e-02	9.491139790970370e-06	7.038026165869863e-07	1.005554225694211e-01
5.439870748204056e-02	8.832168093517702e-06	6.406832567409841e-07	1.060022081437389e-01
5.734532227022025e-02	8.812401997054141e-06	6.126941098428997e-07	1.117440297522608e-01
6.045154634163127e-02	8.526806953108937e-06	5.775725063828413e-07	1.177968686118515e-01
6.372602525231842e-02	8.315702772787763e-06	5.501676739388038e-07	1.241775715939497e-01
6.717787286216076e-02	8.467641174638868e-06	5.371974192922057e-07	1.309038981144792e-01
7.081669670148541e-02	7.033592603251728e-06	4.749381752344143e-07	1.379945695636461e-01
7.465262471171477e-02	8.462957029721858e-06	6.080068717670400e-07	1.454693214132002e-01
7.869633343447421e-02	7.800866585308381e-06	5.422872233965193e-07	1.533489581461890e-01
8.295907772761937e-02	8.068199428963872e-06	5.286268840332457e-07	1.616554111620936e-01
8.745272209089133e-02	7.394855851609815e-06	4.719509597133949e-07	1.704117998185107e-01
9.218977368838865e-02	7.458465316926529e-06	4.558857216656105e-07	1.796424957792800e-01
9.718341715976760e-02	7.295563741751434e-06	4.318541478678155e-07	1.893731908481562e-01
1.024475513170607e-01	7.150334848153645e-06	4.123756342400087e-07	1.996309684768283e-01
1.079968278292520e-01	7.282081990564197e-06	4.103035834079087e-07	2.104443791463127e-01
1.138466920022790e-01	8.068049878633761e-06	4.393381126887333e-07	2.218435198315310e-01
1.200134257679665e-01	7.632597231053611e-06	4.170528183745593e-07	2.338601177702455e-01
1.265141930015399e-01	7.416468239218601e-06	4.058698582104782e-07	2.465276187695064e-01
1.333670872938544e-01	7.114467951321275e-06	3.867187981176194e-07	2.598812802953943e-01
1.405911823113006e-01	7.492626216658591e-06	3.973856941567095e-07	2.739582696051549e-01
1.482065848835568e-01	7.662675998517968e-06	4.010954721020165e-07	2.887977671948573e-01
1.562344909669444e-01	7.204355672971842e-06	3.773223611460211e-07	3.044410758505012e-01
1.646972446391509e-01	7.442492343700450e-06	3.853323518409226e-07	3.209317356060952e-01
1.736184002895197e-01	7.191256020455846e-06	3.735648085200154e-07	3.383156449286706e-01
1.830227881780022e-01	7.022343130167896e-06	3.662405055324591e-07	3.566411884675219e-01
1.929365835452400e-01	6.971824441936612e-06	3.650927314522881e-07	3.759593717232422e-01
2.033873794661350e-01	6.821300686511657e-06	3.643594632681434e-07	3.963239630113750e-01
2.144042636496772e-01	6.860771504385597e-06	3.790698565699953e-07	4.177916431158121e-01
2.260178993987892e-01	6.483247117630801e-06	3.796358296563782e-07	4.404221630484664e-01
2.382606109555234e-01	6.673855002293679e-06	4.080826074331906e-07	4.642785103543126e-01
2.511664734691513e-01	5.972735546450221e-06	3.950784411374591e-07	4.894270844246747e-01
2.647714078375548e-01	6.110139811427484e-06	4.229426345187850e-07	5.159378813067060e-01
2.791132806858916e-01	6.025574689798555e-06	4.411541435425414e-07	5.438846885234463e-01
2.942320097608043e-01	6.173459116290989e-06	4.681724072460557e-07	5.733452904466959e-01
3.101696750335178e-01	5.429249038381934e-06	4.506756233962455e-07	6.044016847943220e-01
3.270054456273042e-01	4.839687981501371e-06	4.409767609845466e-07	6.372081418104556e-01
